! WACCM output from file data/concat_zm_all_2000.nc
! for F. Gordillo. MLP, Dec 2007
! Date:     19991112
! Lat:        38.000000; Lon:        0.0000000; Time= 0
! Output variables: 
!  z (km), Pressure (atm), Temperature (K), Total density (NT) (mol/cm3) and number densities (mol/cm3) of: 
!  O ,O3, N, NO, NO2, NO3, N2O, N2O5, H, OH, H2, HO2, H2O2, HNO3, CO
! No. of altitudes: 
     141
 141.00   6.987e-09 659.803   7.771e+10  2.917e+10  9.364e-02  4.296e+06  1.374e+07  3.970e-03  1.850e-12  6.056e-02  7.631e-24  4.951e+05  6.911e-05  1.801e+05  1.048e-05  1.036e-12  6.663e-15  2.324e+06
 140.00   7.367e-09 652.013   8.292e+10  3.044e+10  1.164e-01  3.839e+06  1.429e+07  4.476e-03  2.276e-12  6.647e-02  8.140e-24  5.206e+05  7.695e-05  2.071e+05  1.139e-05  1.271e-12  7.574e-15  2.473e+06
 139.00   7.767e-09 644.223   8.848e+10  3.178e+10  1.448e-01  3.431e+06  1.488e+07  5.047e-03  2.799e-12  7.298e-02  8.685e-24  5.476e+05  8.568e-05  2.382e+05  1.238e-05  1.561e-12  8.611e-15  2.632e+06
 138.00   8.189e-09 636.433   9.443e+10  3.317e+10  1.802e-01  3.067e+06  1.549e+07  5.691e-03  3.444e-12  8.013e-02  9.267e-24  5.760e+05  9.542e-05  2.739e+05  1.346e-05  1.916e-12  9.792e-15  2.801e+06
 137.00   8.635e-09 628.644   1.008e+11  3.463e+10  2.241e-01  2.742e+06  1.612e+07  6.420e-03  4.238e-12  8.801e-02  9.891e-24  6.060e+05  1.063e-04  3.151e+05  1.463e-05  2.354e-12  1.114e-14  2.981e+06
 136.00   9.104e-09 620.854   1.076e+11  3.616e+10  2.789e-01  2.452e+06  1.679e+07  7.242e-03  5.215e-12  9.667e-02  1.056e-23  6.376e+05  1.184e-04  3.625e+05  1.591e-05  2.891e-12  1.267e-14  3.174e+06
 135.00   9.599e-09 613.064   1.149e+11  3.777e+10  3.471e-01  2.193e+06  1.748e+07  8.171e-03  6.420e-12  1.062e-01  1.127e-23  6.710e+05  1.319e-04  4.171e+05  1.730e-05  3.553e-12  1.442e-14  3.380e+06
 134.00   1.018e-08 602.960   1.239e+11  3.969e+10  4.610e-01  1.874e+06  1.841e+07  9.487e-03  8.306e-12  1.188e-01  7.436e-24  7.133e+05  1.510e-04  4.680e+05  1.950e-05  4.787e-12  1.728e-14  3.633e+06
 133.00   1.082e-08 592.288   1.341e+11  4.177e+10  6.224e-01  1.584e+06  1.945e+07  1.110e-02  1.088e-11  1.334e-01  4.551e-24  7.603e+05  1.740e-04  5.220e+05  2.217e-05  6.547e-12  2.088e-14  3.916e+06
 132.00   1.150e-08 581.616   1.450e+11  4.398e+10  8.406e-01  1.340e+06  2.056e+07  1.298e-02  1.426e-11  1.498e-01  2.787e-24  8.107e+05  2.006e-04  5.824e+05  2.521e-05  8.958e-12  2.524e-14  4.222e+06
 131.00   1.221e-08 570.945   1.570e+11  4.632e+10  1.136e+00  1.133e+06  2.173e+07  1.519e-02  1.870e-11  1.683e-01  1.707e-24  8.646e+05  2.313e-04  6.500e+05  2.868e-05  1.226e-11  3.053e-14  4.554e+06
 130.00   1.298e-08 560.273   1.700e+11  4.880e+10  1.535e+00  9.590e+05  2.299e+07  1.778e-02  2.452e-11  1.892e-01  1.047e-24  9.225e+05  2.668e-04  7.258e+05  3.264e-05  1.679e-11  3.694e-14  4.913e+06
 129.00   1.379e-08 549.602   1.841e+11  5.144e+10  2.075e+00  8.118e+05  2.432e+07  2.083e-02  3.217e-11  2.127e-01  6.417e-25  9.846e+05  3.079e-04  8.107e+05  3.716e-05  2.300e-11  4.472e-14  5.302e+06
 128.00   1.465e-08 538.930   1.995e+11  5.423e+10  2.806e+00  6.875e+05  2.574e+07  2.440e-02  4.222e-11  2.393e-01  3.937e-25  1.051e+06  3.555e-04  9.058e+05  4.232e-05  3.153e-11  5.416e-14  5.725e+06
 127.00   1.556e-08 528.259   2.162e+11  5.720e+10  3.796e+00  5.824e+05  2.725e+07  2.860e-02  5.543e-11  2.694e-01  2.416e-25  1.123e+06  4.105e-04  1.013e+06  4.822e-05  4.324e-11  6.563e-14  6.183e+06
 126.00   1.665e-08 515.234   2.371e+11  6.073e+10  5.599e+00  4.706e+05  2.906e+07  3.448e-02  7.685e-11  3.082e-01  2.988e-25  1.212e+06  5.273e-04  1.135e+06  5.872e-05  6.386e-11  8.354e-14  6.749e+06
 125.00   1.791e-08 500.290   2.627e+11  6.485e+10  8.862e+00  3.661e+05  3.118e+07  4.255e-02  1.114e-10  3.581e-01  7.112e-25  1.320e+06  7.388e-04  1.275e+06  7.555e-05  1.011e-10  1.114e-13  7.434e+06
 124.00   1.926e-08 485.346   2.913e+11  6.930e+10  1.404e+01  2.850e+05  3.350e+07  5.256e-02  1.618e-10  4.164e-01  1.694e-24  1.439e+06  1.036e-03  1.433e+06  9.729e-05  1.603e-10  1.487e-13  8.196e+06
 123.00   2.072e-08 470.403   3.233e+11  7.414e+10  2.226e+01  2.221e+05  3.601e+07  6.498e-02  2.350e-10  4.848e-01  4.041e-24  1.570e+06  1.455e-03  1.613e+06  1.254e-04  2.543e-10  1.986e-13  9.044e+06
 122.00   2.229e-08 455.459   3.592e+11  7.939e+10  3.534e+01  1.732e+05  3.876e+07  8.042e-02  3.418e-10  5.650e-01  9.647e-24  1.715e+06  2.044e-03  1.817e+06  1.618e-04  4.040e-10  2.656e-13  9.990e+06
 121.00   2.398e-08 440.516   3.995e+11  8.510e+10  5.615e+01  1.353e+05  4.176e+07  9.963e-02  4.976e-10  6.592e-01  2.306e-23  1.875e+06  2.875e-03  2.049e+06  2.090e-04  6.425e-10  3.556e-13  1.105e+07
 120.00   2.580e-08 425.572   4.449e+11  9.133e+10  8.932e+01  1.058e+05  4.505e+07  1.236e-01  7.254e-10  7.702e-01  5.519e-23  2.053e+06  4.049e-03  2.314e+06  2.702e-04  1.023e-09  4.768e-13  1.223e+07
 119.00   2.814e-08 408.297   5.058e+11  9.891e+10  1.676e+02  7.387e+04  4.868e+07  1.595e-01  1.155e-09  9.254e-01  1.212e-22  2.284e+06  6.910e-03  2.643e+06  3.838e-04  1.854e-09  6.966e-13  1.378e+07
 118.00   3.088e-08 390.027   5.810e+11  1.077e+11  3.381e+02  4.925e+04  5.272e+07  2.096e-01  1.913e-09  1.127e+00  2.568e-22  2.564e+06  1.282e-02  3.039e+06  5.682e-04  3.561e-09  1.058e-12  1.567e+07
 117.00   3.388e-08 371.757   6.689e+11  1.175e+11  6.832e+02  3.290e+04  5.723e+07  2.760e-01  3.176e-09  1.375e+00  5.450e-22  2.885e+06  2.383e-02  3.502e+06  8.430e-04  6.852e-09  1.610e-12  1.786e+07
 116.00   3.718e-08 353.487   7.719e+11  1.285e+11  1.384e+03  2.203e+04  6.226e+07  3.644e-01  5.285e-09  1.682e+00  1.159e-21  3.253e+06  4.441e-02  4.044e+06  1.254e-03  1.321e-08  2.454e-12  2.040e+07
 115.00   4.080e-08 335.217   8.932e+11  1.409e+11  2.812e+03  1.480e+04  6.793e+07  4.824e-01  8.818e-09  2.061e+00  2.471e-21  3.678e+06  8.298e-02  4.683e+06  1.870e-03  2.554e-08  3.751e-12  2.337e+07
 114.00   4.511e-08 318.652   1.039e+12  1.543e+11  5.732e+03  9.473e+03  7.381e+07  6.382e-01  1.474e-08  2.551e+00  5.277e-21  4.171e+06  1.575e-01  5.436e+06  2.830e-03  5.080e-08  5.965e-12  2.685e+07
 113.00   5.069e-08 305.757   1.217e+12  1.675e+11  1.172e+04  5.448e+03  7.918e+07  8.395e-01  2.467e-08  3.213e+00  1.127e-20  4.741e+06  3.075e-01  6.312e+06  4.405e-03  1.072e-07  1.031e-11  3.093e+07
 112.00   5.696e-08 292.861   1.428e+12  1.822e+11  2.401e+04  3.139e+03  8.510e+07  1.106e+00  4.135e-08  4.052e+00  2.412e-20  5.400e+06  6.016e-01  7.343e+06  6.868e-03  2.267e-07  1.785e-11  3.569e+07
 111.00   6.401e-08 279.965   1.678e+12  1.986e+11  4.927e+04  1.813e+03  9.163e+07  1.461e+00  6.945e-08  5.120e+00  5.170e-20  6.161e+06  1.179e+00  8.558e+06  1.073e-02  4.801e-07  3.096e-11  4.126e+07
 110.00   7.198e-08 267.174   1.977e+12  2.168e+11  1.012e+05  1.050e+03  9.889e+07  1.933e+00  1.170e-07  6.481e+00  1.110e-19  7.046e+06  2.315e+00  9.997e+06  1.682e-02  1.019e-06  5.379e-11  4.780e+07
 109.00   8.259e-08 257.593   2.353e+12  2.340e+11  2.004e+05  6.387e+02  1.074e+08  2.597e+00  2.012e-07  8.430e+00  2.543e-19  8.127e+06  4.474e+00  1.174e+07  2.743e-02  2.293e-06  1.035e-10  5.543e+07
 108.00   9.475e-08 248.012   2.804e+12  2.529e+11  3.973e+05  3.890e+02  1.169e+08  3.493e+00  3.466e-07  1.099e+01  5.851e-19  9.386e+06  8.657e+00  1.380e+07  4.479e-02  5.183e-06  2.005e-10  6.437e+07
 107.00   1.087e-07 238.430   3.346e+12  2.737e+11  7.889e+05  2.373e+02  1.273e+08  4.705e+00  5.981e-07  1.437e+01  1.349e-18  1.086e+07  1.678e+01  1.626e+07  7.326e-02  1.174e-05  3.889e-10  7.486e+07
 106.00   1.255e-07 230.523   3.995e+12  2.938e+11  1.467e+06  1.505e+02  1.381e+08  6.275e+00  1.011e-06  1.880e+01  3.081e-18  1.257e+07  3.112e+01  1.915e+07  1.204e-01  2.645e-05  7.638e-10  8.681e+07
 105.00   1.462e-07 225.202   4.766e+12  3.108e+11  2.459e+06  1.014e+02  1.484e+08  8.229e+00  1.653e-06  2.460e+01  6.858e-18  1.455e+07  5.386e+01  2.253e+07  1.989e-01  5.865e-05  1.543e-09  1.000e+08
 104.00   1.704e-07 219.881   5.689e+12  3.289e+11  4.124e+06  6.831e+01  1.596e+08  1.080e+01  2.703e-06  3.222e+01  1.528e-17  1.686e+07  9.328e+01  2.652e+07  3.289e-01  1.302e-04  3.118e-09  1.153e+08
 103.00   1.989e-07 214.894   6.791e+12  3.469e+11  6.804e+06  4.582e+01  1.702e+08  1.402e+01  4.363e-06  4.221e+01  3.392e-17  1.953e+07  1.600e+02  3.123e+07  5.445e-01  2.889e-04  6.304e-09  1.329e+08
 102.00   2.338e-07 212.225   8.087e+12  3.560e+11  9.976e+06  2.968e+01  1.700e+08  1.688e+01  6.393e-06  5.430e+01  6.729e-17  2.261e+07  2.556e+02  3.675e+07  9.067e-01  6.237e-04  1.258e-08  1.516e+08
 101.00   2.750e-07 209.556   9.631e+12  3.653e+11  1.463e+07  1.924e+01  1.699e+08  2.032e+01  9.370e-06  6.986e+01  1.335e-16  2.617e+07  4.084e+02  4.324e+07  1.510e+00  1.347e-03  2.510e-08  1.731e+08
 100.00   3.234e-07 206.955   1.147e+13  3.744e+11  2.136e+07  1.245e+01  1.691e+08  2.438e+01  1.367e-05  8.990e+01  2.649e-16  3.030e+07  6.511e+02  5.089e+07  2.516e+00  2.909e-03  5.010e-08  1.976e+08
  99.00   3.820e-07 205.929   1.361e+13  3.698e+11  2.809e+07  7.795e+00  1.555e+08  2.675e+01  1.790e-05  1.130e+02  4.783e-16  3.501e+07  9.857e+02  5.988e+07  4.246e+00  6.222e-03  9.867e-08  2.240e+08
  98.00   4.511e-07 204.904   1.616e+13  3.652e+11  3.695e+07  4.881e+00  1.429e+08  2.936e+01  2.345e-05  1.421e+02  8.637e-16  4.046e+07  1.492e+03  7.046e+07  7.164e+00  1.331e-02  1.943e-07  2.539e+08
  97.00   5.328e-07 203.929   1.917e+13  3.604e+11  4.844e+07  3.039e+00  1.311e+08  3.213e+01  3.061e-05  1.786e+02  1.567e-15  4.674e+07  2.255e+03  8.290e+07  1.209e+01  2.848e-02  3.829e-07  2.878e+08
  96.00   6.297e-07 204.285   2.262e+13  3.467e+11  5.811e+07  1.619e+00  1.132e+08  3.287e+01  3.676e-05  2.203e+02  3.184e-15  5.367e+07  3.252e+03  9.750e+07  2.035e+01  6.146e-02  7.621e-07  3.258e+08
  95.00   7.442e-07 204.641   2.669e+13  3.336e+11  6.972e+07  8.624e-01  9.779e+07  3.362e+01  4.414e-05  2.718e+02  6.470e-15  6.162e+07  4.688e+03  1.147e+08  3.427e+01  1.326e-01  1.517e-06  3.688e+08
  94.00   8.794e-07 205.028   3.148e+13  3.204e+11  8.341e+07  4.748e-01  8.445e+07  3.437e+01  5.296e-05  3.351e+02  1.344e-14  7.072e+07  6.752e+03  1.348e+08  5.773e+01  2.869e-01  3.029e-06  4.175e+08
  93.00   1.037e-06 206.087   3.695e+13  2.977e+11  9.354e+07  5.408e-01  7.263e+07  3.484e+01  6.234e-05  4.084e+02  3.763e-14  8.039e+07  9.471e+03  1.582e+08  9.829e+01  6.392e-01  6.324e-06  4.702e+08
  92.00   1.224e-06 207.145   4.336e+13  2.766e+11  1.049e+08  6.159e-01  6.246e+07  3.531e+01  7.340e-05  4.977e+02  1.054e-13  9.140e+07  1.328e+04  1.857e+08  1.674e+02  1.424e+00  1.320e-05  5.296e+08
  91.00   1.444e-06 208.213   5.089e+13  2.567e+11  1.175e+08  7.050e-01  5.374e+07  3.580e+01  8.642e-05  6.062e+02  2.971e-13  1.039e+08  1.863e+04  2.179e+08  2.851e+02  3.183e+00  2.773e-05  5.966e+08
  90.00   1.698e-06 209.761   5.940e+13  2.238e+11  1.229e+08  1.064e+00  4.712e+07  3.702e+01  1.029e-04  7.326e+02  9.362e-13  1.154e+08  2.572e+04  2.547e+08  4.992e+02  7.526e+00  6.401e-05  6.717e+08
  89.00   1.997e-06 211.309   6.934e+13  1.951e+11  1.285e+08  1.605e+00  4.132e+07  3.827e+01  1.225e-04  8.855e+02  2.951e-12  1.283e+08  3.551e+04  2.976e+08  8.740e+02  1.779e+01  1.478e-04  7.563e+08
  88.00   2.348e-06 212.857   8.095e+13  1.701e+11  1.343e+08  2.422e+00  3.623e+07  3.957e+01  1.459e-04  1.070e+03  9.299e-12  1.426e+08  4.903e+04  3.479e+08  1.531e+03  4.207e+01  3.411e-04  8.517e+08
  87.00   2.753e-06 214.101   9.436e+13  1.325e+11  1.304e+08  4.194e+00  3.170e+07  4.206e+01  1.792e-04  1.291e+03  2.979e-11  1.530e+08  6.883e+04  4.067e+08  2.874e+03  1.076e+02  8.971e-04  9.662e+08
  86.00   3.227e-06 215.324   1.100e+14  1.024e+11  1.258e+08  7.336e+00  2.773e+07  4.481e+01  2.206e-04  1.558e+03  9.542e-11  1.637e+08  9.676e+04  4.754e+08  5.424e+03  2.752e+02  2.360e-03  1.097e+09
  85.00   3.783e-06 216.546   1.282e+14  7.909e+10  1.215e+08  1.283e+01  2.426e+07  4.773e+01  2.715e-04  1.881e+03  3.057e-10  1.751e+08  1.360e+05  5.558e+08  1.024e+04  7.039e+02  6.210e-03  1.245e+09
  84.00   4.428e-06 217.038   1.497e+14  5.161e+10  1.093e+08  2.480e+01  2.034e+07  6.631e+01  4.398e-04  2.280e+03  1.024e-09  1.730e+08  2.073e+05  6.532e+08  2.127e+04  1.923e+03  1.815e-02  1.433e+09
  83.00   5.181e-06 217.306   1.750e+14  3.197e+10  9.617e+07  4.943e+01  1.683e+07  9.993e+01  7.751e-04  2.766e+03  3.449e-09  1.668e+08  3.238e+05  7.690e+08  4.551e+04  5.303e+03  5.388e-02  1.656e+09
  82.00   6.063e-06 217.573   2.045e+14  1.981e+10  8.465e+07  9.851e+01  1.392e+07  1.506e+02  1.366e-03  3.356e+03  1.162e-08  1.608e+08  5.059e+05  9.053e+08  9.737e+04  1.463e+04  1.599e-01  1.914e+09
  81.00   7.094e-06 217.670   2.392e+14  9.356e+09  7.120e+07  1.807e+02  1.087e+07  4.600e+02  4.734e-03  4.105e+03  3.682e-08  1.223e+08  9.085e+05  1.061e+09  2.208e+05  3.246e+04  3.856e-01  2.211e+09
  80.00   8.300e-06 217.647   2.799e+14  3.645e+09  5.799e+07  3.124e+02  8.145e+06  2.322e+03  2.653e-02  5.036e+03  1.143e-07  7.866e+07  1.802e+06  1.239e+09  5.215e+05  6.705e+04  8.682e-01  2.551e+09
  79.00   9.712e-06 217.623   3.275e+14  1.420e+09  4.723e+07  5.401e+02  6.104e+06  1.172e+04  1.486e-01  6.177e+03  3.547e-07  5.058e+07  3.573e+06  1.448e+09  1.232e+06  1.385e+05  1.955e+00  2.945e+09
  78.00   1.137e-05 217.239   3.841e+14  5.333e+08  5.199e+07  8.222e+02  4.648e+06  3.447e+04  4.752e-01  7.746e+03  8.208e-07  2.077e+07  4.611e+06  1.662e+09  1.820e+06  1.941e+05  2.874e+00  3.245e+09
  77.00   1.332e-05 216.313   4.518e+14  1.897e+08  9.014e+07  1.033e+03  3.626e+06  4.495e+04  6.521e-01  9.847e+03  1.586e-06  4.340e+06  3.116e+06  1.859e+09  1.325e+06  2.145e+05  3.252e+00  3.336e+09
  76.00   1.560e-05 215.387   5.315e+14  6.746e+07  1.563e+08  1.299e+03  2.829e+06  5.863e+04  8.947e-01  1.252e+04  3.066e-06  9.067e+05  2.105e+06  2.080e+09  9.653e+05  2.370e+05  3.681e+00  3.429e+09
  75.00   1.828e-05 214.565   6.252e+14  2.390e+07  2.608e+08  1.453e+03  2.214e+06  7.678e+04  1.208e+00  1.627e+04  5.602e-06  1.977e+05  1.368e+06  2.297e+09  7.368e+05  2.520e+05  3.801e+00  3.444e+09
  74.00   2.144e-05 214.131   7.349e+14  8.345e+06  3.781e+08  1.061e+03  1.751e+06  1.020e+05  1.535e+00  2.175e+04  9.539e-06  5.051e+04  7.710e+05  2.422e+09  6.686e+05  2.553e+05  3.496e+00  3.179e+09
  73.00   2.515e-05 213.696   8.638e+14  2.914e+06  5.480e+08  7.742e+02  1.385e+06  1.356e+05  1.950e+00  2.907e+04  1.624e-05  1.290e+04  4.344e+05  2.554e+09  6.068e+05  2.587e+05  3.215e+00  2.933e+09
  72.00   2.950e-05 213.421   1.015e+15  1.003e+06  7.887e+08  5.296e+02  1.109e+06  1.797e+05  2.516e+00  3.847e+04  2.941e-05  3.431e+03  2.482e+05  2.683e+09  5.574e+05  2.610e+05  3.130e+00  2.704e+09
  71.00   3.455e-05 215.226   1.178e+15  2.855e+05  1.033e+09  1.550e+02  1.044e+06  2.286e+05  3.968e+00  4.942e+04  6.406e-05  1.545e+03  1.701e+05  2.695e+09  6.002e+05  2.603e+05  3.614e+00  2.452e+09
  70.00   4.046e-05 217.032   1.368e+15  8.130e+04  1.352e+09  4.537e+01  9.838e+05  2.908e+05  6.257e+00  6.348e+04  1.396e-04  6.954e+02  1.166e+05  2.708e+09  6.464e+05  2.596e+05  4.174e+00  2.224e+09
  69.00   4.738e-05 218.838   1.589e+15  2.315e+04  1.771e+09  1.328e+01  9.267e+05  3.700e+05  9.868e+00  8.148e+04  3.044e-04  3.131e+02  7.996e+04  2.721e+09  6.962e+05  2.589e+05  4.829e+00  2.018e+09
  68.00   5.518e-05 222.043   1.824e+15  5.215e+03  2.116e+09  3.481e+00  9.719e+05  4.864e+05  1.759e+01  9.623e+04  7.390e-04  1.950e+02  6.990e+04  2.673e+09  7.331e+05  2.563e+05  6.711e+00  1.830e+09
  67.00   6.422e-05 225.397   2.091e+15  1.147e+03  2.505e+09  9.017e-01  1.031e+06  6.419e+05  3.178e+01  1.137e+05  1.794e-03  1.258e+02  6.271e+04  2.621e+09  7.702e+05  2.538e+05  9.326e+00  1.659e+09
  66.00   7.475e-05 228.751   2.398e+15  2.521e+02  2.966e+09  2.337e-01  1.094e+06  8.473e+05  5.743e+01  1.343e+05  4.357e-03  8.113e+01  5.628e+04  2.571e+09  8.094e+05  2.513e+05  1.296e+01  1.505e+09
  65.00   8.662e-05 231.916   2.741e+15  6.273e+01  3.446e+09  8.553e-02  1.169e+06  1.131e+06  1.018e+02  1.657e+05  1.188e-02  5.877e+01  5.346e+04  2.589e+09  8.532e+05  2.552e+05  2.087e+01  1.434e+09
  64.00   1.001e-04 234.977   3.127e+15  1.670e+01  3.961e+09  3.782e-02  1.254e+06  1.518e+06  1.784e+02  2.083e+05  3.398e-02  4.536e+01  5.239e+04  2.647e+09  9.009e+05  2.619e+05  3.571e+01  1.404e+09
  63.00   1.157e-04 238.038   3.568e+15  4.448e+00  4.555e+09  1.673e-02  1.344e+06  2.038e+06  3.129e+02  2.619e+05  9.724e-02  3.502e+01  5.135e+04  2.707e+09  9.513e+05  2.688e+05  6.112e+01  1.375e+09
  62.00   1.335e-04 240.926   4.067e+15  1.723e+00  5.223e+09  7.390e-03  1.434e+06  2.777e+06  5.490e+02  3.546e+05  2.893e-01  2.794e+01  5.098e+04  2.810e+09  1.004e+06  2.795e+05  1.112e+02  1.372e+09
  61.00   1.535e-04 243.533   4.626e+15  1.229e+00  5.959e+09  3.257e-03  1.517e+06  3.878e+06  9.643e+02  5.278e+05  9.045e-01  2.350e+01  5.169e+04  2.991e+09  1.060e+06  2.956e+05  2.186e+02  1.410e+09
  60.00   1.765e-04 246.140   5.261e+15  8.765e-01  6.799e+09  1.436e-03  1.605e+06  5.416e+06  1.694e+03  7.856e+05  2.828e+00  1.977e+01  5.241e+04  3.184e+09  1.118e+06  3.126e+05  4.297e+02  1.449e+09
  59.00   2.027e-04 248.455   5.987e+15  6.444e-01  7.806e+09  6.520e-04  1.692e+06  7.680e+06  2.986e+03  1.195e+06  8.836e+00  1.640e+01  5.313e+04  3.390e+09  1.171e+06  3.359e+05  8.334e+02  1.478e+09
  58.00   2.322e-04 249.953   6.818e+15  5.158e-01  9.117e+09  3.216e-04  1.766e+06  1.136e+07  5.314e+03  1.886e+06  2.756e+01  1.307e+01  5.381e+04  3.614e+09  1.202e+06  3.712e+05  1.578e+03  1.471e+09
  57.00   2.660e-04 251.452   7.765e+15  4.129e-01  1.065e+10  1.586e-04  1.844e+06  1.682e+07  9.458e+03  2.977e+06  8.594e+01  1.041e+01  5.449e+04  3.852e+09  1.235e+06  4.102e+05  2.988e+03  1.465e+09
  56.00   3.046e-04 252.687   8.846e+15  3.101e-01  1.257e+10  7.672e-05  1.795e+06  2.459e+07  1.700e+04  4.615e+06  2.631e+02  7.972e+00  5.355e+04  4.129e+09  1.264e+06  4.648e+05  5.260e+03  1.439e+09
  55.00   3.483e-04 253.546   1.008e+16  2.125e-01  1.506e+10  3.607e-05  1.579e+06  3.537e+07  3.097e+04  7.056e+06  7.942e+02  5.767e+00  5.042e+04  4.460e+09  1.290e+06  5.367e+05  8.766e+03  1.386e+09
  54.00   3.984e-04 254.405   1.149e+16  1.457e-01  1.804e+10  1.696e-05  1.389e+06  5.086e+07  5.642e+04  1.078e+07  2.382e+03  4.172e+00  4.746e+04  4.818e+09  1.316e+06  6.212e+05  1.452e+04  1.334e+09
  53.00   4.553e-04 255.019   1.310e+16  9.926e-02  2.218e+10  8.906e-06  9.080e+05  7.006e+07  1.062e+05  1.637e+07  6.729e+03  3.010e+00  4.463e+04  5.339e+09  1.354e+06  7.343e+05  2.281e+04  1.283e+09
  52.00   5.204e-04 255.600   1.494e+16  6.758e-02  2.737e+10  4.749e-06  5.700e+05  9.596e+07  2.006e+05  2.486e+07  1.901e+04  2.171e+00  4.196e+04  5.937e+09  1.396e+06  8.680e+05  3.584e+04  1.234e+09
  51.00   5.945e-04 256.204   1.703e+16  5.043e-02  3.395e+10  2.491e-06  2.827e+05  1.272e+08  3.673e+05  3.618e+07  4.685e+04  1.663e+00  4.121e+04  6.697e+09  1.422e+06  1.030e+06  5.380e+04  1.210e+09
  50.00   6.792e-04 256.822   1.941e+16  3.967e-02  4.224e+10  1.295e-06  1.225e+05  1.654e+08  6.604e+05  5.242e+07  1.137e+05  1.319e+00  4.150e+04  7.617e+09  1.439e+06  1.223e+06  8.037e+04  1.200e+09
  49.00   7.757e-04 257.141   2.214e+16  3.035e-02  5.280e+10  6.380e-07  4.371e+04  2.125e+08  1.128e+06  7.515e+07  2.508e+05  1.050e+00  4.132e+04  8.732e+09  1.410e+06  1.448e+06  1.249e+05  1.212e+09
  48.00   8.858e-04 257.217   2.528e+16  2.271e-02  6.626e+10  3.011e-07  1.330e+04  2.703e+08  1.848e+06  1.075e+08  5.438e+05  8.392e-01  4.077e+04  1.008e+10  1.347e+06  1.713e+06  1.955e+05  1.243e+09
  47.00   1.012e-03 256.856   2.891e+16  1.516e-02  8.370e+10  1.481e-07  3.377e+03  3.381e+08  2.852e+06  1.511e+08  1.081e+06  6.371e-01  3.817e+04  1.166e+10  1.220e+06  2.019e+06  3.288e+05  1.285e+09
  46.00   1.156e-03 256.100   3.312e+16  9.135e-03  1.064e+11  7.561e-08  7.283e+02  4.167e+08  4.173e+06  2.115e+08  2.118e+06  4.617e-01  3.406e+04  1.352e+10  1.053e+06  2.378e+06  5.600e+05  1.339e+09
  45.00   1.321e-03 254.785   3.806e+16  4.599e-03  1.367e+11  4.437e-08  1.372e+02  5.061e+08  5.715e+06  2.927e+08  3.856e+06  3.060e-01  2.789e+04  1.576e+10  8.372e+05  2.807e+06  1.030e+06  1.399e+09
  44.00   1.512e-03 252.997   4.385e+16  1.989e-03  1.771e+11  2.928e-08  2.303e+01  6.071e+08  7.403e+06  4.046e+08  6.956e+06  1.880e-01  2.125e+04  1.847e+10  6.214e+05  3.313e+06  1.915e+06  1.466e+09
  43.00   1.731e-03 251.166   5.058e+16  7.251e-04  2.279e+11  1.864e-08  3.977e+00  7.267e+08  9.003e+06  5.555e+08  1.149e+07  1.076e-01  1.487e+04  2.175e+10  4.267e+05  3.872e+06  3.639e+06  1.563e+09
  42.00   1.984e-03 249.307   5.840e+16  2.376e-04  2.922e+11  1.160e-08  6.987e-01  8.688e+08  1.052e+07  7.627e+08  1.875e+07  5.888e-02  9.865e+03  2.569e+10  2.790e+05  4.537e+06  6.910e+06  1.687e+09
  41.00   2.277e-03 246.989   6.767e+16  7.274e-05  3.727e+11  5.334e-09  1.399e-01  1.030e+09  1.131e+07  1.050e+09  2.859e+07  3.102e-02  6.407e+03  3.050e+10  1.788e+05  5.421e+06  1.296e+07  1.827e+09
  40.00   2.616e-03 244.519   7.851e+16  2.177e-05  4.744e+11  2.219e-09  2.923e-02  1.218e+09  1.183e+07  1.451e+09  4.247e+07  1.614e-02  4.132e+03  3.628e+10  1.137e+05  6.527e+06  2.380e+07  1.982e+09
  39.00   3.013e-03 241.325   9.162e+16  7.050e-06  5.977e+11  1.765e-09  7.753e-03  1.421e+09  1.140e+07  2.021e+09  5.979e+07  8.654e-03  2.824e+03  4.337e+10  7.628e+04  7.985e+06  4.184e+07  2.156e+09
  38.00   3.473e-03 238.142   1.070e+17  2.371e-06  7.490e+11  1.562e-09  2.199e-03  1.655e+09  1.091e+07  2.835e+09  8.301e+07  4.739e-03  1.966e+03  5.188e+10  5.211e+04  9.767e+06  7.106e+07  2.357e+09
  37.00   4.013e-03 235.119   1.253e+17  8.944e-07  9.230e+11  1.786e-09  7.533e-04  1.923e+09  1.034e+07  3.996e+09  1.142e+08  2.776e-03  1.442e+03  6.212e+10  3.754e+04  1.194e+07  1.179e+08  2.620e+09
  36.00   4.644e-03 232.362   1.467e+17  2.645e-07  1.108e+12  1.988e-09  3.062e-04  2.232e+09  9.700e+06  5.685e+09  1.509e+08  1.453e-03  9.348e+02  7.459e+10  2.399e+04  1.435e+07  1.842e+08  2.942e+09
  35.00   5.382e-03 229.804   1.719e+17  6.524e-08  1.304e+12  2.170e-09  1.415e-04  2.589e+09  9.035e+06  8.073e+09  1.968e+08  6.984e-04  5.524e+02  8.976e+10  1.401e+04  1.718e+07  2.836e+08  3.329e+09
  34.00   6.252e-03 227.228   2.019e+17  8.740e-09  1.515e+12  2.182e-09  6.883e-05  2.936e+09  8.299e+06  1.139e+10  2.513e+08  2.449e-04  2.348e+02  1.083e+11  5.915e+03  2.050e+07  4.270e+08  3.854e+09
  33.00   7.269e-03 225.297   2.368e+17  1.997e-09  1.756e+12  2.069e-09  2.580e-05  3.258e+09  7.917e+06  1.575e+10  3.245e+08  1.121e-04  1.287e+02  1.297e+11  3.233e+03  2.449e+07  6.147e+08  4.482e+09
  32.00   8.461e-03 224.137   2.770e+17  8.737e-10  2.030e+12  1.832e-09  7.069e-06  3.522e+09  7.905e+06  2.153e+10  4.140e+08  7.105e-05  9.619e+01  1.541e+11  2.423e+03  2.929e+07  8.653e+08  5.242e+09
  31.00   9.857e-03 223.476   3.237e+17  8.846e-10  2.307e+12  1.378e-09  1.513e-06  3.551e+09  8.016e+06  2.900e+10  5.068e+08  7.236e-05  1.134e+02  1.818e+11  2.864e+03  3.511e+07  1.188e+09  6.249e+09
  30.00   1.149e-02 222.919   3.782e+17  9.536e-10  2.627e+12  1.155e-09  3.609e-07  3.515e+09  8.194e+06  3.824e+10  6.121e+08  7.552e-05  1.400e+02  2.136e+11  3.535e+03  4.239e+07  1.601e+09  7.333e+09
  29.00   1.339e-02 222.493   4.416e+17  1.103e-09  2.984e+12  1.076e-09  1.108e-07  3.408e+09  8.430e+06  4.992e+10  7.163e+08  8.090e-05  1.805e+02  2.499e+11  4.551e+03  5.030e+07  2.138e+09  8.471e+09
  28.00   1.561e-02 222.393   5.152e+17  1.546e-09  3.295e+12  1.066e-09  8.469e-08  3.176e+09  8.659e+06  6.464e+10  7.991e+08  9.408e-05  2.518e+02  2.915e+11  6.348e+03  5.786e+07  2.832e+09  9.662e+09
  27.00   1.820e-02 222.163   6.013e+17  2.282e-09  3.700e+12  1.003e-09  7.474e-08  2.839e+09  9.006e+06  8.280e+10  8.427e+08  1.107e-04  3.547e+02  3.392e+11  8.916e+03  6.631e+07  3.628e+09  1.105e+10
  26.00   2.123e-02 221.772   7.026e+17  3.095e-09  4.174e+12  9.194e-10  6.830e-08  2.432e+09  9.337e+06  1.064e+11  8.398e+08  1.250e-04  4.832e+02  3.939e+11  1.208e+04  7.167e+07  4.522e+09  1.261e+10
  25.00   2.477e-02 221.230   8.217e+17  3.527e-09  4.640e+12  8.243e-10  6.233e-08  2.002e+09  9.476e+06  1.372e+11  7.816e+08  1.303e-04  6.136e+02  4.571e+11  1.524e+04  7.053e+07  5.494e+09  1.431e+10
  24.00   2.891e-02 220.685   9.614e+17  3.016e-09  4.786e+12  7.131e-10  5.835e-08  1.631e+09  8.953e+06  1.775e+11  6.744e+08  1.182e-04  6.796e+02  5.303e+11  1.689e+04  6.149e+07  6.507e+09  1.618e+10
  23.00   3.376e-02 219.959   1.126e+18  2.292e-09  4.849e+12  7.034e-10  6.299e-08  1.373e+09  8.271e+06  2.276e+11  5.750e+08  9.930e-05  6.920e+02  6.170e+11  1.728e+04  5.531e+07  7.239e+09  1.848e+10
  22.00   3.945e-02 218.628   1.324e+18  1.177e-09  4.856e+12  6.943e-10  6.710e-08  1.162e+09  7.307e+06  2.941e+11  4.532e+08  6.880e-05  5.858e+02  7.203e+11  1.469e+04  4.378e+07  7.540e+09  2.122e+10
  21.00   4.614e-02 217.213   1.559e+18  5.353e-10  4.731e+12  6.046e-10  6.465e-08  9.668e+08  6.262e+06  3.809e+11  3.317e+08  4.545e-05  4.667e+02  8.406e+11  1.178e+04  3.312e+07  7.250e+09  2.475e+10
  20.00   5.402e-02 215.783   1.837e+18  2.296e-10  4.299e+12  4.010e-10  6.049e-08  7.951e+08  5.028e+06  4.931e+11  2.169e+08  2.963e-05  3.553e+02  9.783e+11  9.111e+03  2.611e+07  6.077e+09  2.985e+10
  19.00   6.333e-02 213.704   2.175e+18  7.197e-11  3.453e+12  2.000e-10  3.424e-07  6.770e+08  3.485e+06  6.327e+11  1.258e+08  1.660e-05  2.215e+02  1.139e+12  5.860e+03  2.156e+07  4.365e+09  3.899e+10
  18.00   7.440e-02 210.965   2.588e+18  1.636e-11  2.437e+12  9.371e-11  2.396e-04  6.258e+08  2.079e+06  7.966e+11  6.700e+07  8.033e-06  1.106e+02  1.333e+12  3.146e+03  1.807e+07  2.794e+09  5.811e+10
  17.00   8.762e-02 209.256   3.073e+18  5.843e-12  1.636e+12  4.168e-11  2.314e-01  6.255e+08  1.264e+06  9.807e+11  3.705e+07  4.938e-06  6.745e+01  1.566e+12  2.164e+03  1.616e+07  1.730e+09  8.872e+10
  16.00   1.033e-01 209.192   3.626e+18  7.320e-12  1.156e+12  2.320e-11  1.105e+02  7.243e+08  9.176e+05  1.180e+12  2.769e+07  4.781e-06  6.703e+01  1.837e+12  2.418e+03  1.617e+07  1.261e+09  1.286e+11
  15.00   1.218e-01 209.913   4.259e+18  4.069e-12  9.165e+11  1.740e-11  7.237e+02  9.124e+08  7.337e+05  1.402e+12  2.596e+07  4.150e-06  5.826e+01  2.152e+12  2.597e+03  2.370e+07  1.152e+09  1.800e+11
  14.00   1.435e-01 210.785   4.995e+18  1.274e-12  7.489e+11  1.440e-11  3.351e+03  1.035e+09  5.930e+05  1.654e+12  2.655e+07  2.863e-06  4.142e+01  2.520e+12  2.490e+03  5.649e+07  1.182e+09  2.271e+11
  13.00   1.688e-01 212.034   5.843e+18  2.576e-13  6.646e+11  1.355e-11  3.750e+04  1.085e+09  5.200e+05  1.934e+12  2.859e+07  1.832e-06  2.796e+01  2.944e+12  2.572e+03  1.527e+08  1.201e+09  2.713e+11
  12.00   1.983e-01 213.919   6.805e+18  1.430e-13  6.036e+11  1.235e-11  1.791e+05  1.181e+09  5.000e+05  2.233e+12  3.174e+07  1.995e-06  3.047e+01  3.427e+12  4.564e+03  3.390e+08  1.159e+09  3.310e+11
  11.00   2.325e-01 217.651   7.841e+18  8.365e-13  5.536e+11  9.690e-12  3.493e+05  1.153e+09  5.562e+05  2.548e+12  4.101e+07  6.106e-06  9.126e+01  3.949e+12  1.906e+04  6.113e+08  1.100e+09  4.080e+11
  10.00   2.717e-01 223.423   8.923e+18  3.151e-11  5.165e+11  6.560e-12  5.890e+05  8.746e+08  7.181e+05  2.882e+12  5.361e+07  3.963e-05  5.797e+02  4.495e+12  1.439e+05  1.018e+09  1.072e+09  4.925e+11
   9.00   3.159e-01 230.898   1.004e+19  1.432e-09  5.121e+11  4.125e-12  5.116e+05  5.604e+08  1.091e+06  3.239e+12  6.045e+07  2.777e-04  3.995e+03  5.060e+12  1.105e+06  1.660e+09  1.097e+09  5.790e+11
   8.00   3.656e-01 239.008   1.123e+19  1.725e-08  5.409e+11  2.594e-12  1.637e+05  5.108e+08  1.925e+06  3.625e+12  6.103e+07  1.008e-03  1.424e+04  5.658e+12  4.240e+06  2.602e+09  1.170e+09  6.794e+11
   7.00   4.207e-01 247.466   1.248e+19  3.707e-08  5.949e+11  1.663e-12  2.249e+05  6.570e+08  3.969e+06  4.048e+12  5.627e+07  1.780e-03  2.446e+04  6.290e+12  7.700e+06  3.875e+09  1.281e+09  7.679e+11
   6.00   4.819e-01 255.142   1.386e+19  2.308e-08  6.550e+11  1.158e-12  1.480e+05  6.098e+08  1.005e+07  4.508e+12  4.667e+07  1.282e-03  1.663e+04  6.988e+12  5.450e+06  5.518e+09  1.435e+09  8.774e+11
   5.00   5.500e-01 261.839   1.542e+19  2.985e-09  7.248e+11  8.761e-13  8.203e+04  5.109e+08  2.394e+07  5.018e+12  3.644e+07  4.299e-04  5.211e+03  7.769e+12  1.761e+06  7.543e+09  1.727e+09  1.013e+12
   4.00   6.258e-01 267.762   1.715e+19  1.530e-10  8.001e+11  7.063e-13  5.311e+04  4.746e+08  5.174e+07  5.576e+12  2.963e+07  1.105e-04  1.281e+03  8.638e+12  4.398e+05  1.018e+10  2.450e+09  1.186e+12
   3.00   7.101e-01 272.839   1.910e+19  1.935e-11  8.690e+11  6.066e-13  4.793e+04  6.873e+08  1.091e+08  6.196e+12  3.756e+07  5.580e-05  6.316e+02  9.605e+12  2.184e+05  1.367e+10  4.325e+09  1.432e+12
   2.00   8.038e-01 277.354   2.127e+19  1.112e-10  9.188e+11  5.435e-13  5.826e+04  1.895e+09  2.667e+08  6.870e+12  1.040e+08  1.859e-04  1.929e+03  1.067e+13  6.479e+05  1.747e+10  9.950e+09  1.825e+12
   1.00   9.077e-01 283.737   2.348e+19  1.784e-09  9.499e+11  4.409e-13  1.552e+05  5.238e+09  7.410e+08  7.573e+12  3.591e+08  9.403e-04  8.355e+03  1.175e+13  2.132e+06  1.742e+10  1.774e+10  2.350e+12